$METADATA
$Version 1.1
$Project; FerryBox
$Device; 731803
$DateTime; 2021.12.18 00:00:01
$Filename; C:\Working\All_sensors_731803_2021-12-18.txt
$Watertimedelay; 00:01:00
$TrackStart: Unknown
$TrackEnd: Unknown
$FORMATS
$1; DateTime; YYYY.MM.DD hh:mm:ss
$2; Measdata; Float


$DATASETS
Units	Deg	Deg	Nm		Deg		m		ml/l		%		DegC		ml/l		mbar		l/min		l/min		l/min		l/min		l/min		l/min		l/min		bool		bool		pH		DegC		DegC		DegC		S/m		psu		m/s		mbar		mbar		DegC		ppm		uatm		ppm		uatm		uatm		PSU		pH		µg/l		NTU		DegC		µg/l		DegC		µg/l		ppb	
Date Time	Latitude	Longitude	Speed	Quality	Course	Quality	Height	Quality	Optode_O2Concentration	Quality	Optode_AirSaturation	Quality	Optode_Temperature	Quality	O2_Corr	Quality	pressure	Quality	flow_in	Quality	flow_main	Quality	flow_FLNTU	Quality	flow_OSCAR	Quality	flow_pCO2	Quality	flow_IFCB	Quality	flow_EXTERN	Quality	halffull	Quality	full	Quality	pH	Quality	pH_Temp	Quality	SBE38_Temp	Quality	SBE45_Temp	Quality	SBE45_Cond	Quality	SBE45_Salinity	Quality	SBE45_SoundVel	Quality	HydroC_P_NDIR	Quality	HydroC_P_In	Quality	HydroC_T_Sensor	Quality	HydroC_Conc_Estimate	Quality	HydroC_pCO2_Corr	Quality	HydroC_XCO2_Corr	Quality	HydroC_Corr_Zero	Quality	HydroC_pCO2_Comp	Quality	HydroFIA_salinity	Quality	HydroFIA_pH	Quality	WetLabs_Chlorophyll-A	Quality	WetLabs_Turbidity	Quality	nanoFlu_A_Sens_Temp	Quality	nanoFlu_A_blue	Quality	nanoFlu_B_Sens_Temp	Quality	nanoFlu_B_CDOM	Quality	Cycl_Phycoerythrin	Quality
2021.12.17 23:59:00	58.265819	11.345691	10.305630	0	90.777480	0	-2.000000	0	7.852212	0	86.724167	0	4.473167	0	6.658213	0	154.479167	0	29.736583	0	5.216087	0	0.082279	0	0.635803	0	2.069313	0	-0.000002	0	43.388461	0	1.000000	0	1.000000	0	8.072641	0	0.000000	0	4.138096	0	4.586721	0	2.418730	0	24.780929	0	1455.998638	0	1034.854167	0	1024.372333	0	387.141533	0	376.851333	0	372.759833	0	49.998217	0	66666.000000	1	0.000000	0	26.000000	0	7.729000	0	0.247049	0	4.027202	0	18.488750	0	3.102679	0	17.355875	0	6.393161	0	17.065000	10
2021.12.18 00:00:00	58.265475	11.351415	10.816712	0	97.730458	0	-1.557951	0	7.858474	0	86.679250	0	4.422667	0	6.667242	0	154.458333	0	29.836317	0	5.224730	0	0.001993	0	0.376162	0	2.120177	0	-0.000002	0	43.521439	0	1.000000	0	1.000000	0	8.072754	0	0.000000	0	4.169459	0	4.538895	0	2.407262	0	24.687805	0	1455.677684	0	1042.205946	0	1025.812432	0	56.901568	0	376.700909	0	129.247027	0	49.999135	0	99999.000000	1	0.000000	0	26.000000	0	7.729000	0	0.243057	0	4.028098	0	18.483125	0	3.229179	0	17.312000	0	6.739375	0	18.343125	10
2021.12.18 00:01:00	58.265036	11.357269	11.000000	0	98.026882	0	-1.454301	0	7.861068	0	86.656750	0	4.400167	0	6.677194	0	154.625000	0	29.837425	0	5.222736	0	0.001993	0	0.246840	0	2.123169	0	-0.000002	0	43.508973	0	1.000000	0	1.000000	0	8.072954	0	0.000000	0	4.262351	0	4.517705	0	2.395568	0	24.572116	0	1455.440690	0	1045.598500	0	1026.616167	0	-83.041250	0	99999.000000	1	26.160167	0	50.001100	0	99999.000000	1	0.000000	0	26.000000	0	7.729000	0	0.244350	0	4.019437	0	18.483200	0	3.363467	0	17.312000	0	7.930217	0	19.204375	10
2021.12.18 00:02:00	58.264581	11.363063	11.000000	0	97.543536	0	-1.000000	0	7.834659	0	86.540500	0	4.477750	0	6.649888	0	157.104167	0	29.829114	0	5.225395	0	0.001993	0	0.487365	0	2.130483	0	-0.000002	0	43.562995	0	1.000000	0	1.000000	0	8.072835	0	0.000000	0	4.136158	0	4.598416	0	2.414236	0	24.721703	0	1455.972638	0	1035.695294	16384	1024.457255	16384	129.759627	16384	66666.000000	1	152.874902	16384	50.003529	16384	165.412979	0	0.000000	0	26.000000	0	7.729000	0	0.254035	0	4.016140	0	18.475250	0	3.276482	0	17.312000	0	7.645286	0	17.956304	10
2021.12.18 00:03:00	58.264166	11.368951	11.000000	0	97.000000	0	-1.869898	0	7.848562	0	86.619833	0	4.445083	0	6.658283	0	154.208333	0	29.816924	0	5.233208	0	0.001993	0	0.432345	0	2.120177	0	-0.000002	0	43.425861	0	1.000000	0	1.000000	0	8.072754	0	0.000000	0	4.148952	0	4.557545	0	2.405277	0	24.651550	0	1455.710293	0	1034.421000	16384	1023.899500	16384	234.828600	16384	66666.000000	1	226.342542	16384	50.001017	16384	228.651167	0	0.000000	0	26.000000	0	7.729000	0	0.243704	0	4.025500	0	18.469088	0	2.988684	0	17.312000	0	7.401107	0	18.888750	10
2021.12.18 00:04:00	58.263728	11.374882	11.000000	0	97.729592	0	-2.000000	0	7.865585	0	86.686583	0	4.391250	0	6.683463	0	154.854167	0	29.879535	0	5.232709	0	0.001993	0	0.440158	0	2.123668	0	-0.000002	0	43.621173	0	1.000000	0	1.000000	0	8.072998	0	0.000000	0	4.220946	0	4.508305	0	2.388537	0	24.500045	0	1455.308914	0	1034.240667	16384	1023.717333	16384	262.607217	16384	66666.000000	1	250.627167	16384	50.000550	16384	253.216000	0	0.000000	0	26.000000	0	7.729000	0	0.246732	0	4.028053	0	18.459536	0	3.163625	0	17.312000	0	8.457696	0	18.561250	10
2021.12.18 00:05:00	58.263310	11.380856	11.000000	0	96.925373	0	-2.000000	0	7.846224	0	86.593917	0	4.444833	0	6.661243	0	155.020833	0	29.831884	0	5.218912	0	0.001993	0	0.429187	0	2.119180	0	-0.000002	0	43.380149	0	1.000000	0	1.000000	0	8.072998	0	0.000000	0	4.183755	0	4.564690	0	2.406716	0	24.662434	0	1455.754552	0	1034.220667	16384	1023.694833	16384	284.329850	16384	66666.000000	1	270.436500	16384	50.000333	16384	273.224000	0	0.000000	0	26.000000	0	7.729000	0	0.245643	0	4.027232	0	18.448527	0	3.379709	0	17.312000	0	7.676518	0	18.474375	10
2021.12.18 00:06:00	58.263080	11.386891	11.000000	0	87.477612	0	-2.000000	0	7.846913	0	86.601083	0	4.444500	0	6.657548	0	156.041667	0	29.856817	0	5.229717	0	0.001993	0	0.420377	0	2.117684	0	-0.000002	0	43.409239	0	1.000000	0	1.000000	0	8.072851	0	0.000000	0	4.172683	0	4.561446	0	2.410862	0	24.711454	0	1455.803228	0	1034.143667	16384	1023.609167	16384	301.662850	16384	66666.000000	1	286.742333	16384	50.000817	16384	289.674000	0	0.000000	0	26.000000	0	7.729000	0	0.242921	0	4.029754	0	18.450571	0	3.261179	0	17.312000	0	7.510821	0	18.190000	10
2021.12.18 00:07:00	58.263364	11.392944	11.000000	0	83.650633	0	-2.000000	0	7.843821	0	86.555417	0	4.439583	0	6.653523	0	156.291667	0	29.838533	0	5.227390	0	0.001993	0	0.148270	0	2.119013	0	-0.000002	0	43.463261	0	1.000000	0	1.000000	0	8.071899	0	0.000000	0	4.070751	0	4.556928	0	2.413556	0	24.745107	0	1455.827017	0	1034.071167	16384	1023.520500	16384	315.928200	16384	99999.000000	1	300.488500	16384	49.999650	16384	303.534000	0	0.000000	0	26.000000	0	7.729000	0	0.242411	0	4.035893	0	18.432607	0	3.091589	0	17.312000	0	7.603821	0	18.676250	10
2021.12.18 00:08:00	58.263748	11.398926	11.000000	0	82.036649	0	-1.287958	0	7.880208	0	86.778000	0	4.360583	0	6.688024	0	153.541667	0	29.840749	0	5.232709	0	0.001993	0	0.565158	0	2.107378	0	-0.000002	0	43.587929	0	1.000000	0	1.000000	0	8.072998	0	0.000000	0	4.010310	0	4.474136	0	2.394165	0	24.588731	0	1455.277207	0	1033.892000	16384	1023.316167	16384	327.651850	16384	99999.000000	1	312.045667	16384	49.999333	16384	315.145000	0	0.000000	0	26.000000	0	7.729000	0	0.242411	0	4.040223	0	18.430357	0	3.453946	0	17.312000	0	7.475316	0	18.244375	10
2021.12.18 00:09:00	58.264136	11.404986	11.000000	0	82.422043	0	-2.000000	0	7.900565	0	86.859083	0	4.297667	0	6.708580	0	153.041667	0	29.855155	0	5.219744	0	0.001993	0	0.316321	0	2.101726	0	-0.000002	0	43.558840	0	1.000000	0	1.000000	0	8.073242	0	0.000000	0	4.102791	0	4.412178	0	2.385548	0	24.537767	0	1454.949069	0	1033.718500	16384	1023.152667	16384	336.867533	16384	66666.000000	1	321.282833	16384	50.000367	16384	324.422500	0	0.000000	0	26.000000	0	7.729000	0	0.244826	0	4.030605	0	18.428143	0	3.584125	0	17.312000	0	7.561727	0	18.387500	10
2021.12.18 00:10:00	58.264390	11.410900	10.430137	0	88.964384	0	-2.000000	0	7.885181	0	86.738833	0	4.319250	0	6.698367	0	156.708333	0	29.811937	0	5.220575	0	0.001993	0	0.397438	0	2.093083	0	-0.000002	0	43.430016	0	1.000000	0	1.000000	0	8.073466	0	0.000000	0	4.186572	0	4.439964	0	2.390248	0	24.570053	0	1455.108397	0	1033.632667	16384	1023.081833	16384	344.898000	16384	66666.000000	1	329.406833	16384	50.001350	16384	332.603333	0	0.000000	0	26.000000	0	7.729000	0	0.249521	0	4.036759	0	18.428298	0	3.297842	0	17.312000	0	7.743625	0	19.312500	10
2021.12.18 00:11:00	58.264238	11.415930	8.063536	0	96.577348	0	-2.000000	0	7.866027	0	86.650250	0	4.373000	0	6.686663	0	155.500000	0	29.821911	0	5.232709	0	0.001993	0	0.202791	0	2.106214	0	-0.000002	0	43.568429	0	1.000000	0	1.000000	0	8.074530	0	0.000000	0	4.207249	0	4.493784	0	2.382852	0	24.446822	0	1455.179483	0	1033.635333	16384	1023.079000	16384	350.982367	16384	99999.000000	1	335.599833	16384	49.999317	16384	338.854833	0	0.000000	0	26.000000	0	7.729000	0	0.255623	0	4.039114	0	18.423714	0	3.190929	0	17.279893	0	7.795214	0	18.601250	10
2021.12.18 00:12:00	58.263944	11.420018	7.000000	0	97.000000	0	-2.000000	0	7.851757	0	86.670833	0	4.451833	0	6.668774	0	155.875000	0	29.851277	0	5.238527	0	0.087099	0	0.203622	0	2.091420	0	-0.000002	0	43.561106	0	1.000000	0	1.000000	0	8.075562	0	0.000000	0	4.123606	0	4.570893	0	2.397713	0	24.556711	0	1455.646193	0	1033.676000	16384	1023.125000	16384	356.519100	16384	66666.000000	1	341.261000	16384	49.998500	16384	344.587000	0	0.000000	0	26.000000	0	7.729000	0	0.244673	0	4.022036	0	18.422345	0	3.326873	0	17.250000	0	5.229179	0	17.716250	10
2021.12.18 00:13:00	58.263669	11.423816	6.704110	0	99.347945	0	-2.000000	0	7.869220	0	86.758833	0	4.405417	0	6.687786	0	152.104167	0	29.841303	0	5.220076	0	0.075796	0	0.381647	0	2.086932	0	-0.000002	0	43.533906	0	1.000000	0	1.000000	0	8.075484	0	0.000000	0	4.083121	0	4.520729	0	2.381642	0	24.413336	0	1455.251190	0	1033.547000	16384	1023.005333	16384	360.879617	16384	66666.000000	1	345.803667	16384	49.999617	16384	349.133500	0	0.000000	0	26.000000	0	7.729000	0	0.247049	0	4.033158	0	18.419250	0	3.149643	0	17.250000	0	6.223036	0	17.636875	10
2021.12.18 00:15:00	58.262417	11.429510	4.286501	0	125.859504	0	-2.000000	0	7.888739	0	86.755833	0	4.309167	0	6.712738	0	155.812500	0	29.851831	0	5.229717	0	0.001993	0	0.580450	0	2.094080	0	-0.000002	0	43.583773	0	1.000000	0	1.000000	0	8.075757	0	0.000000	0	3.999281	0	4.424621	0	2.358462	0	24.223497	0	1454.601276	0	1033.234667	16384	1022.688667	16384	367.445567	16384	66666.000000	1	352.724500	16384	49.999800	16384	356.009833	0	0.000000	0	26.000000	0	7.729000	0	0.249272	0	4.049325	0	18.409304	0	3.253250	0	17.250000	0	8.599804	0	42.940625	10
2021.12.18 00:16:00	58.261660	11.431356	3.890667	0	128.000000	0	-2.320000	0	7.898517	0	86.759500	0	4.263667	0	6.722634	0	152.750000	0	29.836317	0	5.228886	0	0.001993	0	0.188496	0	2.078787	0	-0.000002	0	43.604551	0	1.000000	0	1.000000	0	8.075928	0	0.000000	0	4.066480	0	4.380359	0	2.354042	0	24.206184	0	1454.391034	0	1033.088333	16384	1022.534167	16384	369.719233	16384	66666.000000	1	355.152667	16384	50.000650	16384	358.407667	0	0.000000	0	26.000000	0	7.729000	0	0.250168	0	4.043687	0	18.383804	0	3.300071	0	17.250000	0	9.058536	0	20.388587	10
2021.12.18 00:17:00	58.260980	11.432944	3.000000	0	130.383562	0	-2.150685	0	7.892283	0	86.720000	0	4.276500	0	6.715592	0	151.770833	0	29.866791	0	5.235867	0	0.097405	0	0.443482	0	2.087265	0	-0.000168	0	43.492350	0	1.000000	0	1.000000	0	8.075928	0	0.000000	0	4.211677	0	4.395976	0	2.362366	0	24.288481	0	1454.562345	0	1033.013667	16384	1022.443500	16384	371.259000	16384	360.126809	0	356.777167	16384	50.000167	16384	359.610769	0	0.000000	0	26.000000	0	7.729000	0	0.250814	0	4.038491	0	18.373900	0	3.267117	0	17.250000	0	8.628483	0	18.643750	10
2021.12.18 00:18:00	58.260351	11.434146	2.418733	0	137.526171	0	-2.752066	0	7.870321	0	86.716250	0	4.381250	0	6.692183	0	154.020833	0	29.825235	0	5.224398	0	0.001993	0	0.240357	0	2.074466	0	-0.000168	0	43.679352	0	1.000000	0	1.000000	0	8.075817	0	0.000000	0	4.234979	0	4.504507	0	2.380678	0	24.414498	0	1455.183776	0	1033.043333	0	1022.496833	0	373.252717	0	362.126167	0	358.850833	0	49.999317	0	66666.000000	1	0.000000	0	26.000000	0	7.729000	0	0.247049	0	4.039965	0	18.368368	0	3.246175	0	17.250000	0	6.284536	0	15.716087	10
2021.12.18 00:19:00	58.259893	11.434926	1.205405	0	138.245946	0	-2.532432	0	7.866774	0	86.846583	0	4.456083	0	6.687751	0	153.000000	0	29.820803	0	5.231712	0	0.001993	0	0.372671	0	2.076627	0	-0.000500	0	43.650262	0	1.000000	0	1.000000	0	8.075706	0	0.000000	0	4.126054	0	4.575200	0	2.384619	0	24.406602	0	1455.473263	0	1033.082000	0	1022.545667	0	375.376650	0	364.373000	0	361.061000	0	49.999850	0	99999.000000	1	0.000000	0	26.000000	0	7.729000	0	0.233684	0	4.042821	0	18.365836	0	3.250236	0	17.246625	0	4.775661	0	16.568478	10
2021.12.18 00:20:00	58.259697	11.435316	0.089918	0	108.013624	0	-2.000000	0	7.888284	0	86.978000	0	4.409583	0	6.711154	0	155.708333	0	29.832992	0	5.232044	0	0.001993	0	0.474566	0	2.125829	0	-0.000334	0	43.608707	0	1.000000	0	1.000000	0	8.074158	0	0.000000	0	4.204175	0	4.523557	0	2.365490	0	24.229859	0	1455.029293	0	1032.988000	0	1022.404500	0	376.923500	0	366.002333	0	362.724667	0	49.999117	0	99999.000000	1	0.000000	0	26.000000	0	7.729000	0	0.234665	0	4.027202	0	18.366158	0	3.183474	0	17.247750	0	6.121946	0	17.758125	10
2021.12.18 00:21:00	58.259700	11.435484	0.000000	0	167.198910	0	-2.000000	0	7.883046	0	86.900500	0	4.400750	0	6.710814	0	156.854167	0	29.869561	0	5.233208	0	0.001993	0	0.323801	0	2.130150	0	-0.000002	0	43.691818	0	1.000000	0	1.000000	0	8.074097	0	0.000000	0	4.216783	0	4.518647	0	2.369863	0	24.282538	0	1455.075552	0	1032.866167	0	1022.298833	0	378.199633	0	367.351667	0	364.100167	0	50.000050	0	99999.000000	1	0.000000	0	26.000000	0	7.729000	0	0.232391	0	4.026366	0	18.363545	0	3.236309	0	17.250000	0	6.603965	0	138.103125	10
2021.12.18 00:22:00	58.259727	11.435501	0.000000	0	37.624665	0	-2.000000	0	7.871159	0	86.929083	0	4.471417	0	6.691433	0	155.750000	0	29.866237	0	5.233374	0	0.001993	0	0.513462	0	2.133807	0	-0.000002	0	43.683507	0	1.000000	0	1.000000	0	8.075318	0	0.000000	0	4.207865	0	4.588874	0	2.383237	0	24.380960	0	1455.498362	0	1032.921333	0	1022.349667	0	379.630150	0	368.864167	0	365.580667	0	49.999817	0	66666.000000	1	0.000000	0	26.000000	0	7.729000	0	0.230219	0	4.039965	0	18.363947	0	3.434474	0	17.248855	0	4.773625	0	124.755000	10
2021.12.18 00:23:00	58.259801	11.435614	0.000000	0	78.309524	0	-2.510582	0	7.879768	0	86.887750	0	4.411333	0	6.708698	0	154.750000	0	29.840195	0	5.233706	0	0.001993	0	0.492352	0	2.124333	0	-0.000002	0	43.791552	0	1.000000	0	1.000000	0	8.073852	0	0.000000	0	4.265521	0	4.527219	0	2.368104	0	24.256460	0	1455.078690	0	1032.766000	0	1022.218667	0	380.516033	0	369.806167	0	366.561667	0	50.000433	0	66666.000000	1	0.000000	0	26.000000	0	7.729000	0	0.225280	0	4.029830	0	18.366000	0	3.188482	0	17.250000	0	7.022893	0	142.141875	10
2021.12.18 00:25:00	58.259818	11.435651	0.000000	0	177.761155	0	-2.000000	0	7.902379	0	86.945250	0	4.326750	0	6.735085	0	157.687500	0	29.841303	0	5.230548	0	0.001993	0	0.267452	0	2.125995	0	-0.000002	0	43.833108	0	1.000000	0	1.000000	0	8.073331	0	0.000000	0	4.252014	0	4.435372	0	2.330788	0	23.904042	0	1454.239088	0	1032.592833	0	1022.012000	0	381.888050	0	371.246167	0	368.063000	0	49.999283	0	99999.000000	1	0.000000	0	26.000000	0	7.729000	0	0.229159	0	4.032429	0	18.363750	0	3.277875	0	17.250000	0	8.634250	0	58.266250	10
2021.12.18 00:26:00	58.259815	11.435650	0.000000	0	168.402597	0	-2.000000	0	7.880104	0	86.838583	0	4.387833	0	6.709579	0	155.604167	0	29.849614	0	5.234704	0	0.001827	0	0.439160	0	2.124499	0	-0.000168	0	43.745841	0	1.000000	0	1.000000	0	8.075122	0	0.000000	0	4.198933	0	4.509914	0	2.369989	0	24.290188	0	1455.048069	0	1032.496500	0	1021.943500	0	382.186217	0	371.567500	0	368.406833	0	49.999767	0	66666.000000	1	0.000000	0	26.000000	0	7.729000	0	0.226573	0	4.044554	0	18.361737	0	3.477754	0	17.250000	0	8.172500	0	17.251250	10
2021.12.18 00:27:00	58.259813	11.435650	0.000000	0	113.781250	0	-2.856771	0	7.874230	0	86.902333	0	4.444667	0	6.698453	0	155.958333	0	29.860142	0	5.232044	0	0.001993	0	0.253655	0	2.124000	0	-0.000002	0	43.700129	0	1.000000	0	1.000000	0	8.074707	0	0.000000	0	4.157815	0	4.561488	0	2.374835	0	24.306919	0	1455.288293	0	1032.578000	0	1022.010833	0	383.082100	0	372.505167	0	369.311833	0	50.000150	0	99999.000000	1	0.000000	0	26.000000	0	7.729000	0	0.223551	0	4.047623	0	18.361255	0	3.235473	0	17.247750	0	5.373143	0	14.913125	10
2021.12.18 00:28:00	58.259811	11.435651	0.000000	0	276.365039	0	-2.670951	0	7.885573	0	86.942833	0	4.407083	0	6.711884	0	156.645833	0	29.874548	0	5.234205	0	0.001993	0	0.426694	0	2.129652	0	-0.000002	0	43.513128	0	1.000000	0	1.000000	0	8.073819	0	0.000000	0	4.123116	0	4.522455	0	2.363398	0	24.207221	0	1454.995914	0	1032.433833	0	1021.897833	0	383.537117	0	373.002000	0	369.845833	0	49.998600	0	66666.000000	1	0.000000	0	26.000000	0	7.729000	0	0.226896	0	4.035893	0	18.360375	0	3.363893	0	17.247750	0	6.813321	0	16.393125	10
2021.12.18 00:29:00	58.259812	11.435645	0.000000	0	201.580153	0	-2.000000	0	7.885097	0	86.883917	0	4.383667	0	6.713240	0	153.583333	0	29.873440	0	5.237031	0	0.001993	0	0.173203	0	2.134638	0	-0.000002	0	43.762463	0	1.000000	0	1.000000	0	8.073681	0	0.000000	0	4.043354	0	4.499679	0	2.358306	0	24.166728	0	1454.847638	0	1032.363333	0	1021.792667	0	383.923767	0	373.389833	0	370.268333	0	50.000483	0	99999.000000	1	0.000000	0	26.000000	0	7.729000	0	0.218470	0	4.036561	0	18.363750	0	3.591607	0	17.248875	0	7.031321	0	15.572500	10
2021.12.18 00:30:00	58.259813	11.435650	0.000000	0	38.104061	0	-2.000000	0	7.894749	0	86.810750	0	4.304250	0	6.729796	0	153.562500	0	29.873440	0	5.242682	0	0.001993	0	0.480384	0	2.099233	0	-0.000334	0	43.708441	0	1.000000	0	1.000000	0	8.072388	0	0.000000	0	4.094032	0	4.418697	0	2.337551	0	23.992572	0	1454.281690	0	1032.182500	0	1021.603333	0	384.119100	0	373.589333	0	370.534500	0	50.001200	0	99999.000000	1	0.000000	0	26.000000	0	7.729000	0	0.222048	0	4.036759	0	18.362842	0	3.349947	0	17.250000	0	9.075286	0	17.175625	10
2021.12.18 00:31:00	58.259814	11.435649	0.000000	0	273.208672	0	-2.000000	0	7.884649	0	86.745917	0	4.324750	0	6.716850	0	156.437500	0	29.847952	0	5.239192	0	0.044048	0	0.057013	0	2.103388	0	-0.000168	0	43.820641	0	1.000000	0	1.000000	0	8.073553	0	0.000000	0	4.082323	0	4.442897	0	2.347505	0	24.086869	0	1454.504707	0	1032.115333	0	1021.560167	0	384.086350	0	373.553167	0	370.514500	0	49.999250	0	66666.000000	1	0.000000	0	26.000000	0	7.729000	0	0.222598	0	4.047623	0	18.357036	0	3.587054	0	17.250000	0	8.323661	0	16.728750	10
2021.12.18 00:32:00	58.259816	11.435646	0.000000	0	116.786301	0	-2.912329	0	7.888101	0	86.773500	0	4.320167	0	6.720600	0	152.208333	0	29.845182	0	5.236698	0	0.001993	0	0.522605	0	2.106547	0	-0.000002	0	43.646107	0	1.000000	0	1.000000	0	8.073486	0	0.000000	0	4.107519	0	4.436786	0	2.344859	0	24.061579	0	1454.446561	0	1032.038333	0	1021.479333	0	384.129400	0	373.591667	0	370.582167	0	49.999850	0	66666.000000	1	0.000000	0	26.000000	0	7.729000	0	0.221402	0	4.054946	0	18.347509	0	3.367491	0	17.250000	0	8.534309	0	16.509375	10
2021.12.18 00:33:00	58.259819	11.435645	0.000000	0	277.957386	0	-3.000000	0	7.885392	0	86.765750	0	4.330167	0	6.718117	0	154.458333	0	29.831330	0	5.238693	0	0.138629	0	0.367186	0	2.108708	0	-0.000002	0	43.853886	0	1.000000	0	1.000000	0	8.073486	0	0.000000	0	4.081066	0	4.447728	0	2.347957	0	24.088403	0	1454.527241	0	1031.984000	0	1021.428333	0	384.203283	0	373.666833	0	370.675167	0	49.996983	0	66666.000000	1	0.000000	0	26.000000	0	7.729000	0	0.222281	0	4.067193	0	18.333067	0	3.270550	0	17.250000	0	8.585350	0	17.111250	10
2021.12.18 00:34:00	58.259820	11.435638	0.000000	0	112.794444	0	-3.000000	0	7.889344	0	86.806167	0	4.328500	0	6.721235	0	155.583333	0	29.869561	0	5.239025	0	0.001993	0	0.354885	0	2.106713	0	-0.000002	0	43.820641	0	1.000000	0	1.000000	0	8.073120	0	0.000000	0	4.151288	0	4.445107	0	2.345499	0	24.062703	0	1454.483310	0	1031.927500	0	1021.369667	0	384.625250	0	374.108000	0	371.134167	0	49.998533	0	66666.000000	1	0.000000	0	26.000000	0	7.729000	0	0.221402	0	4.071402	0	18.319807	0	3.364491	0	17.250000	0	8.275456	0	16.650625	10
2021.12.18 00:35:00	58.259821	11.435644	0.000000	0	206.128852	0	-2.285714	0	7.886213	0	86.822250	0	4.350833	0	6.716173	0	157.708333	0	29.881751	0	5.240688	0	0.073635	0	0.335437	0	2.099732	0	-0.000002	0	43.716752	0	1.000000	0	1.000000	0	8.073974	0	0.000000	0	4.178570	0	4.469616	0	2.357905	0	24.184186	0	1454.742241	0	1031.868000	0	1021.309167	0	384.620100	0	374.095000	0	371.143500	0	50.000383	0	99999.000000	1	0.000000	0	26.000000	0	7.729000	0	0.219786	0	4.061875	0	18.314321	0	3.121946	0	17.250000	0	7.833554	0	15.780625	10
2021.12.18 00:36:00	58.259821	11.435644	0.000000	0	139.260000	0	-2.000000	0	7.875142	0	86.817000	0	4.402333	0	6.701058	0	155.145833	0	29.905576	0	5.232543	0	0.001993	0	0.237698	0	2.098568	0	-0.000002	0	43.583773	0	1.000000	0	1.000000	0	8.074756	0	0.000000	0	4.179813	0	4.520824	0	2.370459	0	24.287686	0	1455.091448	0	1031.883500	0	1021.351333	0	384.953900	0	374.454667	0	371.484167	0	50.000050	0	66666.000000	1	0.000000	0	26.000000	0	7.729000	0	0.211802	0	4.074851	0	18.305357	0	3.311518	0	17.228625	0	6.089161	0	15.459375	10
2021.12.18 00:37:00	58.259821	11.435646	0.000000	0	147.366477	0	-2.000000	0	7.868207	0	86.758000	0	4.410167	0	6.695140	0	152.583333	0	29.887292	0	5.235036	0	0.094081	0	0.215756	0	2.103555	0	-0.000002	0	43.679352	0	1.000000	0	1.000000	0	8.075262	0	0.000000	0	4.136565	0	4.527072	0	2.369857	0	24.276352	0	1455.103517	0	1031.869333	0	1021.322333	0	385.027617	0	374.523000	0	371.562000	0	50.000467	0	99999.000000	1	0.000000	0	26.000000	0	7.729000	0	0.217523	0	4.049750	0	18.305357	0	3.198554	0	17.210625	0	6.177464	0	15.613125	10
2021.12.18 00:38:00	58.259820	11.435645	0.000000	0	249.864266	0	-2.000000	0	7.870769	0	86.726167	0	4.383500	0	6.701391	0	156.708333	0	29.866791	0	5.241685	0	0.001993	0	0.619014	0	2.101394	0	-0.000002	0	43.762463	0	1.000000	0	1.000000	0	8.074729	0	0.000000	0	4.156188	0	4.499829	0	2.358742	0	24.171529	0	1454.854466	0	1031.798167	0	1021.243500	0	385.276300	0	374.776667	0	371.843000	0	50.000083	0	99999.000000	1	0.000000	0	26.000000	0	7.729000	0	0.221328	0	4.045070	0	18.305357	0	3.191893	0	17.189250	0	7.173946	0	15.614375	10
2021.12.18 00:39:00	58.259820	11.435643	0.000000	0	102.378453	0	-2.284530	0	7.869543	0	86.714500	0	4.384333	0	6.699557	0	154.708333	0	29.878426	0	5.233374	0	0.001993	0	0.286567	0	2.100895	0	-0.000002	0	43.562995	0	1.000000	0	1.000000	0	8.074805	0	0.000000	0	4.121436	0	4.501542	0	2.361511	0	24.201358	0	1454.899789	0	1031.713000	0	1021.162333	0	385.357150	0	374.860167	0	371.955000	0	49.999700	0	66666.000000	1	0.000000	0	26.000000	0	7.729000	0	0.217846	0	4.055813	0	18.305357	0	3.168268	0	17.187000	0	7.240304	0	16.025000	10
2021.12.18 00:40:00	58.259818	11.435646	0.000000	0	189.294118	0	-2.280112	0	7.873241	0	86.726583	0	4.371750	0	6.704707	0	154.229167	0	29.873440	0	5.229717	0	0.001993	0	0.228389	0	2.142118	0	-0.000002	0	43.617018	0	1.000000	0	1.000000	0	8.073996	0	0.000000	0	4.162416	0	4.486676	0	2.355402	0	24.143621	0	1454.762966	0	1031.651167	0	1021.055333	0	385.480467	0	374.975167	0	372.108167	0	50.000150	0	66666.000000	1	0.000000	0	26.000000	0	7.729000	0	0.219740	0	4.068895	0	18.303143	0	3.041839	0	17.187000	0	7.411607	0	16.643125	10
2021.12.18 00:41:00	58.259820	11.435644	0.000000	0	201.758242	0	-2.447802	0	7.867964	0	86.707500	0	4.389000	0	6.697283	0	156.104167	0	29.846290	0	5.228221	0	0.082445	0	0.497671	0	2.139958	0	-0.000002	0	43.812330	0	1.000000	0	1.000000	0	8.074924	0	0.000000	0	4.121219	0	4.506009	0	2.363841	0	24.224257	0	1454.947897	0	1031.602000	0	1020.996333	0	385.483200	0	374.970833	0	372.125833	0	50.001383	0	66666.000000	1	0.000000	0	26.000000	0	7.729000	0	0.217523	0	4.055813	0	18.305357	0	3.143482	0	17.187000	0	6.938750	0	17.448750	10
2021.12.18 00:42:00	58.259820	11.435643	0.000000	0	283.586301	0	-2.386301	0	7.876355	0	86.765583	0	4.373750	0	6.705525	0	156.937500	0	29.860696	0	5.235202	0	0.001993	0	0.450131	0	2.138295	0	-0.000002	0	43.795708	0	1.000000	0	1.000000	0	8.074041	0	0.000000	0	4.107534	0	4.489612	0	2.357751	0	24.167855	0	1454.806414	0	1031.507167	0	1020.936167	0	385.631033	0	375.125167	0	372.300333	0	49.999750	0	66666.000000	1	0.000000	0	26.000000	0	7.729000	0	0.216877	0	4.055813	0	18.303143	0	3.247589	0	17.187000	0	7.161071	0	15.844375	10
2021.12.18 00:43:00	58.259821	11.435643	0.000000	0	264.431267	0	-2.692722	0	7.879279	0	86.777917	0	4.365000	0	6.708136	0	156.250000	0	29.844074	0	5.229384	0	0.001993	0	0.211102	0	2.128488	0	-0.000002	0	43.787397	0	1.000000	0	1.000000	0	8.074063	0	0.000000	0	4.098057	0	4.480847	0	2.356214	0	24.156976	0	1454.755328	0	1031.435167	0	1020.850833	0	385.538767	0	375.022000	0	372.229167	0	50.000750	0	66666.000000	1	0.000000	0	26.000000	0	7.729000	0	0.216882	0	4.052728	0	18.304250	0	3.376232	0	17.187000	0	7.320750	0	15.496875	10
2021.12.18 00:45:00	58.259822	11.435641	0.000000	0	140.165789	0	-2.389474	0	7.886997	0	86.758667	0	4.319000	0	6.719522	0	154.083333	0	29.893386	0	5.237529	0	0.001993	0	0.301860	0	2.134472	0	-0.000002	0	43.695974	0	1.000000	0	1.000000	0	8.072827	0	0.000000	0	4.103814	0	4.433962	0	2.344683	0	24.061652	0	1454.434621	0	1031.229000	0	1020.687833	0	385.793167	0	375.296667	0	372.561833	0	50.000517	0	99999.000000	1	0.000000	0	26.000000	0	7.729000	0	0.217835	0	4.059535	0	18.300929	0	3.205411	0	17.187000	0	8.286839	0	16.345000	10
2021.12.18 00:46:00	58.259822	11.435645	0.000000	0	237.782842	0	-2.000000	0	7.879175	0	86.723083	0	4.341500	0	6.710338	0	155.541667	0	29.852939	0	5.237031	0	0.001993	0	0.361202	0	2.124333	0	-0.000002	0	43.617018	0	1.000000	0	1.000000	0	8.073926	0	0.000000	0	4.125007	0	4.459630	0	2.353368	0	24.140539	0	1454.644228	0	1031.174000	0	1020.643333	0	385.902450	0	375.421000	0	372.700667	0	49.999500	0	99999.000000	1	0.000000	0	26.000000	0	7.729000	0	0.217846	0	4.067071	0	18.305357	0	3.220857	0	17.187000	0	7.698393	0	15.799375	10
2021.12.18 00:47:00	58.259822	11.435642	0.000000	0	265.356021	0	-2.000000	0	7.876379	0	86.696417	0	4.343000	0	6.708037	0	154.166667	0	29.830222	0	5.229052	0	0.001993	0	0.466920	0	2.131646	0	-0.000002	0	43.729219	0	1.000000	0	1.000000	0	8.073828	0	0.000000	0	4.131741	0	4.459759	0	2.353994	0	24.147460	0	1454.653603	0	1031.127167	0	1020.592833	0	385.657417	0	375.156167	0	372.456167	0	50.000233	0	99999.000000	1	0.000000	0	26.000000	0	7.729000	0	0.218153	0	4.068895	0	18.298714	0	3.055821	0	17.187000	0	7.999571	0	17.006250	10
2021.12.18 00:48:00	58.259821	11.435643	0.000000	0	218.604651	0	-2.000000	0	7.869713	0	86.670750	0	4.364167	0	6.700695	0	153.625000	0	29.869007	0	5.240355	0	0.083775	0	0.188163	0	2.118515	0	-0.000002	0	43.658574	0	1.000000	0	1.000000	0	8.074145	0	0.000000	0	4.155946	0	4.480743	0	2.357362	0	24.169993	0	1454.771414	0	1031.083000	0	1020.562000	0	385.942333	0	375.462000	0	372.772167	0	49.999217	0	99999.000000	1	0.000000	0	26.000000	0	7.729000	0	0.218170	0	4.059277	0	18.293964	0	3.234145	0	17.187000	0	7.259909	0	16.247500	10
2021.12.18 00:49:00	58.259821	11.435642	0.000000	0	141.669312	0	-2.000000	0	7.869347	0	86.695917	0	4.377167	0	6.699641	0	154.770833	0	29.864575	0	5.233041	0	0.001993	0	0.451129	0	2.119678	0	-0.000002	0	43.592084	0	1.000000	0	1.000000	0	8.074396	0	0.000000	0	4.151258	0	4.494272	0	2.361700	0	24.208809	0	1454.878379	0	1031.039167	0	1020.536500	0	386.017617	0	375.543833	0	372.862333	0	49.999267	0	99999.000000	1	0.000000	0	26.000000	0	7.729000	0	0.219423	0	4.062939	0	18.289267	0	3.233250	0	17.182867	0	7.254133	0	16.439375	10
2021.12.18 00:50:00	58.259822	11.435640	0.000000	0	270.036313	0	-2.000000	0	7.867445	0	86.699000	0	4.387667	0	6.696295	0	155.291667	0	29.850169	0	5.239025	0	0.079453	0	0.612199	0	2.105882	0	-0.000002	0	43.533906	0	1.000000	0	1.000000	0	8.075024	0	0.000000	0	4.118922	0	4.504543	0	2.363110	0	24.217131	0	1454.932552	0	1031.018333	0	1020.506833	0	385.953617	0	375.460833	0	372.791500	0	50.001233	0	99999.000000	1	0.000000	0	26.000000	0	7.729000	0	0.215907	0	4.066205	0	18.283684	0	3.254018	0	17.167421	0	6.733860	0	15.593750	10
2021.12.18 00:51:00	58.259820	11.435640	0.000000	0	209.509749	0	-2.000000	0	7.870744	0	86.698583	0	4.371500	0	6.701727	0	156.854167	0	29.877872	0	5.234039	0	0.001993	0	0.354387	0	2.107544	0	-0.000002	0	43.579617	0	1.000000	0	1.000000	0	8.074829	0	0.000000	0	4.134349	0	4.486522	0	2.357108	0	24.162883	0	1454.786931	0	1030.954167	0	1020.430667	0	385.962133	0	375.464500	0	372.821500	0	49.999300	0	99999.000000	1	0.000000	0	26.000000	0	7.729000	0	0.216247	0	4.053579	0	18.280964	0	3.088911	0	17.146036	0	7.239375	0	16.040000	10
2021.12.18 00:52:00	58.259820	11.435643	0.000000	0	119.264045	0	-2.000000	0	7.869509	0	86.664500	0	4.362500	0	6.701440	0	154.541667	0	29.868453	0	5.228553	0	0.001993	0	0.470244	0	2.101228	0	-0.000002	0	43.754152	0	1.000000	0	1.000000	0	8.074853	0	0.000000	0	4.148756	0	4.478335	0	2.356659	0	24.163839	0	1454.753439	0	1030.882000	0	1020.365000	0	386.139333	0	375.649000	0	373.029833	0	49.999967	0	66666.000000	1	0.000000	0	26.000000	0	7.729000	0	0.218816	0	4.058411	0	18.267679	0	3.275179	0	17.132750	0	7.537018	0	16.406875	10
2021.12.18 00:53:00	58.259820	11.435643	0.000000	0	180.424929	0	-2.000000	0	7.869537	0	86.683750	0	4.370750	0	6.700595	0	154.750000	0	29.869561	0	5.240521	0	0.001993	0	0.483210	0	2.113694	0	-0.000002	0	43.641951	0	1.000000	0	1.000000	0	8.075000	0	0.000000	0	4.152849	0	4.487291	0	2.358703	0	24.180240	0	1454.812293	0	1030.835667	0	1020.322167	0	385.964250	0	375.462667	0	372.860000	0	49.999167	0	66666.000000	1	0.000000	0	26.000000	0	7.729000	0	0.216554	0	4.063607	0	18.261000	0	3.265375	0	17.125000	0	7.422179	0	16.181875	10
2021.12.18 00:55:00	58.259822	11.435640	0.000000	0	268.011299	0	-2.000000	0	7.868186	0	86.703083	0	4.385917	0	6.697856	0	152.125000	0	29.863466	0	5.237862	0	0.083110	0	0.395942	0	2.105549	0	-0.000002	0	43.754152	0	1.000000	0	1.000000	0	8.075171	0	0.000000	0	4.173697	0	4.501698	0	2.361775	0	24.204217	0	1454.904000	0	1030.759833	0	1020.257500	0	386.196617	0	375.705500	0	373.125500	0	49.999817	0	99999.000000	1	0.000000	0	26.000000	0	7.729000	0	0.216554	0	4.052348	0	18.263214	0	3.196911	0	17.125000	0	6.957893	0	15.706250	10
2021.12.18 00:56:00	58.259825	11.435636	0.000000	0	138.005714	0	-2.000000	0	7.866942	0	86.707833	0	4.394250	0	6.696367	0	154.000000	0	29.820249	0	5.227556	0	0.001993	0	0.520111	0	2.101394	0	-0.000002	0	43.741685	0	1.000000	0	1.000000	0	8.075635	0	0.000000	0	4.174493	0	4.511069	0	2.365329	0	24.237236	0	1454.985845	0	1030.714333	0	1020.198000	0	386.134350	0	375.630833	0	373.072500	0	49.998467	0	99999.000000	1	0.000000	0	26.000000	0	7.729000	0	0.217200	0	4.058684	0	18.258786	0	3.358839	0	17.125000	0	6.933196	0	15.590625	10
2021.12.18 00:57:00	58.259826	11.435640	0.000000	0	247.683616	0	-2.000000	0	7.866790	0	86.710833	0	4.396167	0	6.695993	0	156.625000	0	29.852385	0	5.229551	0	0.001993	0	0.209772	0	2.113861	0	-0.000002	0	43.513128	0	1.000000	0	1.000000	0	8.075610	0	0.000000	0	4.168685	0	4.512674	0	2.365286	0	24.235569	0	1454.990500	0	1030.665667	0	1020.150833	0	386.112333	0	375.603833	0	373.063000	0	50.000533	0	99999.000000	1	0.000000	0	26.000000	0	7.729000	0	0.218816	0	4.055813	0	18.256571	0	3.212446	0	17.125000	0	6.899643	0	16.261250	10
2021.12.18 00:58:00	58.259825	11.435641	0.000000	0	167.439776	0	-2.086835	0	7.869104	0	86.752917	0	4.403500	0	6.696894	0	154.958333	0	29.860142	0	5.230548	0	0.082279	0	0.341920	0	2.107710	0	-0.000002	0	43.679352	0	1.000000	0	1.000000	0	8.075439	0	0.000000	0	4.177435	0	4.518714	0	2.366266	0	24.242153	0	1455.024500	0	1030.634500	0	1020.105500	0	386.372083	0	375.878333	0	373.351667	0	50.000283	0	99999.000000	1	0.000000	0	26.000000	0	7.729000	0	0.218788	0	4.039114	0	18.247714	0	3.218982	0	17.125000	0	6.377250	0	16.690000	10
2021.12.18 00:59:00	58.259826	11.435644	0.000000	0	211.363128	0	-3.000000	0	7.872627	0	86.798500	0	4.406417	0	6.699417	0	156.062500	0	29.877872	0	5.227390	0	0.001993	0	0.371009	0	2.104884	0	-0.000002	0	43.749996	0	1.000000	0	1.000000	0	8.076050	0	0.000000	0	4.207228	0	4.522407	0	2.367898	0	24.257802	0	1455.060035	0	1030.593833	0	1020.060500	0	386.368783	0	375.879000	0	373.369333	0	49.999850	0	99999.000000	1	0.000000	0	26.000000	0	7.729000	0	0.217846	0	4.039357	0	18.245464	0	3.295339	0	17.125000	0	6.399232	0	15.858750	10
2021.12.18 01:00:00	58.259823	11.435641	0.000000	0	197.994350	0	-3.350282	0	7.869026	0	86.814250	0	4.430917	0	6.694304	0	155.187500	0	29.860696	0	5.228221	0	0.001993	0	0.246840	0	2.138628	0	-0.000002	0	43.866353	0	1.000000	0	1.000000	0	8.076172	0	0.000000	0	4.172700	0	4.547628	0	2.375132	0	24.320457	0	1455.246759	0	1030.541167	0	1020.034500	0	386.315933	0	375.827833	0	373.327833	0	49.999950	0	99999.000000	1	0.000000	0	26.000000	0	7.729000	0	0.215907	0	4.059277	0	18.243250	0	3.315500	0	17.125000	0	5.788250	0	16.176250	10
2021.12.18 01:01:00	58.259823	11.435640	0.000000	0	122.936288	0	-3.523546	0	7.870826	0	86.806333	0	4.418583	0	6.697229	0	154.833333	0	29.833546	0	5.234039	0	0.001993	0	0.442319	0	2.134971	0	-0.000002	0	43.658574	0	1.000000	0	1.000000	0	8.076172	0	0.000000	0	4.142403	0	4.533419	0	2.369376	0	24.266298	0	1455.117655	0	1030.468333	0	1019.968333	0	386.320333	0	375.833000	0	373.357000	0	49.999917	0	99999.000000	1	0.000000	0	26.000000	0	7.729000	0	0.219423	0	4.044219	0	18.243250	0	3.300446	0	17.125000	0	6.239268	0	16.117500	10
2021.12.18 01:02:00	58.259821	11.435644	0.000000	0	178.584022	0	-3.000000	0	7.871834	0	86.746833	0	4.387417	0	6.701231	0	154.187500	0	29.858480	0	5.233540	0	0.001993	0	0.212099	0	2.128156	0	-0.000002	0	43.567151	0	1.000000	0	1.000000	0	8.075873	0	0.000000	0	4.137419	0	4.501784	0	2.361376	0	24.199664	0	1454.898569	0	1030.376667	0	1019.869500	0	386.185583	0	375.667667	0	373.229833	0	50.000717	0	66666.000000	1	0.000000	0	26.000000	0	7.729000	0	0.221725	0	4.040223	0	18.246571	0	3.201607	0	17.125000	0	6.963768	0	17.742500	10
2021.12.18 01:03:00	58.259824	11.435644	0.000000	0	302.639118	0	-3.000000	0	7.874245	0	86.754333	0	4.379083	0	6.703627	0	155.625000	0	29.881751	0	5.230382	0	0.050364	0	0.266953	0	2.132478	0	-0.000002	0	43.617018	0	1.000000	0	1.000000	0	8.075417	0	0.000000	0	4.130483	0	4.494317	0	2.359630	0	24.185516	0	1454.848810	0	1030.309667	0	1019.808667	0	386.350233	0	375.848167	0	373.430833	0	49.998683	0	66666.000000	1	0.000000	0	26.000000	0	7.729000	0	0.222916	0	4.051877	0	18.247750	0	3.314750	0	17.125000	0	7.178268	0	15.519375	10
2021.12.18 01:05:00	58.259828	11.435636	0.000000	0	273.921833	0	-3.417790	0	7.874915	0	86.675500	0	4.341083	0	6.708741	0	153.875000	0	29.867345	0	5.224398	0	0.001993	0	0.521441	0	2.121008	0	-0.000002	0	43.720907	0	1.000000	0	1.000000	0	8.075195	0	0.000000	0	4.112614	0	4.455368	0	2.349259	0	24.097482	0	1454.571298	0	1030.167167	0	1019.660667	0	386.079233	0	375.541500	0	373.180167	0	50.000333	0	66666.000000	1	0.000000	0	26.000000	0	7.729000	0	0.220375	0	4.043368	0	18.244750	0	3.347950	0	17.125000	0	8.202733	0	16.395625	10
2021.12.18 01:06:00	58.259830	11.435637	0.000000	0	244.671053	0	-3.584211	0	7.872954	0	86.668833	0	4.347667	0	6.704541	0	155.541667	0	29.865683	0	5.222902	0	0.001993	0	0.377658	0	2.125662	0	-0.000002	0	43.683507	0	1.000000	0	1.000000	0	8.075244	0	0.000000	0	4.103913	0	4.463736	0	2.353738	0	24.141697	0	1454.663172	0	1030.102667	0	1019.597167	0	386.157100	0	375.621500	0	373.283000	0	50.000467	0	66666.000000	1	0.000000	0	26.000000	0	7.729000	0	0.223018	0	4.056679	0	18.243368	0	3.356070	0	17.125000	0	7.764035	0	16.338125	10
2021.12.18 01:07:00	58.259830	11.435638	0.000000	0	220.866142	0	-3.000000	0	7.874202	0	86.674917	0	4.344083	0	6.705099	0	156.208333	0	29.858480	0	5.229551	0	0.092419	0	0.243349	0	2.130150	0	-0.000002	0	43.725063	0	1.000000	0	1.000000	0	8.075572	0	0.000000	0	4.123075	0	4.459641	0	2.353459	0	24.141560	0	1454.645655	0	1030.050667	0	1019.544667	0	385.884583	0	375.322500	0	373.004833	0	50.000450	0	99999.000000	1	0.000000	0	26.000000	0	7.729000	0	0.223233	0	4.054430	0	18.241000	0	3.369036	0	17.125000	0	7.657321	0	16.517500	10
2021.12.18 01:08:00	58.259831	11.435636	0.000000	0	98.010390	0	-3.000000	0	7.875073	0	86.694667	0	4.348750	0	6.705750	0	156.333333	0	29.873994	0	5.230714	0	0.008143	0	0.331780	0	2.116021	0	-0.000002	0	43.700129	0	1.000000	0	1.000000	0	8.075415	0	0.000000	0	4.162797	0	4.465469	0	2.356622	0	24.172857	0	1454.710190	0	1029.984833	0	1019.486333	0	385.790050	0	375.228333	0	372.933333	0	50.000650	0	66666.000000	1	0.000000	0	26.000000	0	7.729000	0	0.221079	0	4.055813	0	18.241000	0	3.239554	0	17.125000	0	7.559036	0	15.817500	10
2021.12.18 01:09:00	58.259829	11.435636	0.000000	0	181.308901	0	-3.164921	0	7.871444	0	86.713917	0	4.374667	0	6.699466	0	154.020833	0	29.810275	0	5.228886	0	0.043050	0	0.429021	0	2.123335	0	-0.000002	0	43.799863	0	1.000000	0	1.000000	0	8.076238	0	0.000000	0	4.174499	0	4.492067	0	2.364682	0	24.243909	0	1454.913741	0	1029.956167	0	1019.472833	0	385.901017	0	375.346000	0	373.054667	0	49.998867	0	66666.000000	1	0.000000	0	26.000000	0	7.729000	0	0.221725	0	4.064473	0	18.238750	0	3.216286	0	17.125000	0	6.951536	0	16.533125	10
2021.12.18 01:10:00	58.259829	11.435637	0.000000	0	291.035990	0	-3.000000	0	7.871595	0	86.765333	0	4.396667	0	6.698146	0	155.270833	0	29.842412	0	5.231047	0	0.001993	0	0.250663	0	2.097072	0	-0.000002	0	43.695974	0	1.000000	0	1.000000	0	8.076483	0	0.000000	0	4.176329	0	4.513747	0	2.368218	0	24.267726	0	1455.036069	0	1029.955000	0	1019.479167	0	385.872050	0	375.315833	0	373.022667	0	50.000267	0	99999.000000	1	0.000000	0	26.000000	0	7.729000	0	0.219740	0	4.068895	0	18.238750	0	3.443196	0	17.125000	0	6.506036	0	16.148125	10
2021.12.18 01:11:00	58.259829	11.435638	0.000000	0	202.856771	0	-3.096354	0	7.873344	0	86.806250	0	4.406333	0	6.699282	0	154.916667	0	29.851277	0	5.229052	0	0.001993	0	0.133310	0	2.097072	0	-0.000002	0	43.762463	0	1.000000	0	1.000000	0	8.076562	0	0.000000	0	4.180407	0	4.522721	0	2.369368	0	24.274052	0	1455.082138	0	1029.957667	0	1019.458667	0	386.085000	0	375.532000	0	373.245000	0	49.999783	0	99999.000000	1	0.000000	0	26.000000	0	7.729000	0	0.222695	0	4.043687	0	18.236500	0	3.316679	0	17.125000	0	6.292196	0	98.390625	10
2021.12.18 01:12:00	58.259827	11.435639	0.000000	0	192.559140	0	-3.000000	0	7.871265	0	86.787000	0	4.408000	0	6.697886	0	157.166667	0	29.880089	0	5.227057	0	0.029752	0	0.367352	0	2.096407	0	-0.000002	0	43.725063	0	1.000000	0	1.000000	0	8.076749	0	0.000000	0	4.186936	0	4.523821	0	2.370251	0	24.283156	0	1455.098421	0	1029.914500	0	1019.411333	0	386.234683	0	375.687000	0	373.415167	0	49.999050	0	99999.000000	1	0.000000	0	26.000000	0	7.729000	0	0.220693	0	4.048474	0	18.236500	0	3.067232	0	17.125000	0	6.351429	0	138.350000	10
2021.12.18 01:13:00	58.259826	11.435640	0.000000	0	238.938547	0	-3.000000	0	7.866386	0	86.745500	0	4.413333	0	6.693476	0	153.166667	0	29.832992	0	5.229551	0	0.001993	0	0.073469	0	2.100729	0	-0.000002	0	43.716752	0	1.000000	0	1.000000	0	8.077535	0	0.000000	0	4.187309	0	4.529150	0	2.372060	0	24.299553	0	1455.141828	0	1029.869000	0	1019.380167	0	386.046667	0	375.486000	0	373.227167	0	49.999633	0	66666.000000	1	0.000000	0	26.000000	0	7.729000	0	0.221402	0	4.050616	0	18.236500	0	3.119357	0	17.125000	0	6.200429	0	108.500000	10
2021.12.18 01:14:00	58.259825	11.435638	0.000000	0	289.775910	0	-3.033613	0	7.867014	0	86.768417	0	4.420500	0	6.691993	0	153.812500	0	29.816370	0	5.229717	0	0.001993	0	0.626494	0	2.099233	0	-0.000002	0	43.762463	0	1.000000	0	1.000000	0	8.077637	0	0.000000	0	4.178513	0	4.536143	0	2.373719	0	24.313038	0	1455.188638	0	1029.838833	0	1019.337833	0	386.137300	0	375.577833	0	373.334667	0	50.000133	0	99999.000000	1	0.000000	0	26.000000	0	7.729000	0	0.221328	0	4.056132	0	18.234250	0	3.411643	0	17.125000	0	6.073089	0	15.511250	10
2021.12.18 01:15:00	58.259827	11.435636	0.000000	0	293.152778	0	-3.394444	0	7.867802	0	86.762000	0	4.413750	0	6.693764	0	153.729167	0	29.866791	0	5.227556	0	0.001993	0	0.092751	0	2.092750	0	-0.000002	0	43.671040	0	1.000000	0	1.000000	0	8.077415	0	0.000000	0	4.183090	0	4.529578	0	2.372087	0	24.299538	0	1455.143621	0	1029.785000	0	1019.295000	0	386.366983	0	375.823167	0	373.593833	0	49.998917	0	66666.000000	1	0.000000	0	26.000000	0	7.729000	0	0.222695	0	4.054946	0	18.234250	0	3.391089	0	17.125000	0	6.135107	0	15.969375	10
2021.12.18 01:16:00	58.259828	11.435635	0.000000	0	162.820728	0	-3.229692	0	7.866289	0	86.742417	0	4.412500	0	6.692343	0	155.291667	0	29.858480	0	5.226392	0	0.011966	0	0.339094	0	2.103388	0	-0.000002	0	43.700129	0	1.000000	0	1.000000	0	8.077535	0	0.000000	0	4.193368	0	4.528376	0	2.372757	0	24.307938	0	1455.149241	0	1029.733000	0	1019.251833	0	386.145117	0	375.581000	0	373.369667	0	49.999783	0	99999.000000	1	0.000000	0	26.000000	0	7.729000	0	0.223551	0	4.062939	0	18.234250	0	3.352536	0	17.125000	0	6.256107	0	17.368750	10
2021.12.18 01:17:00	58.259829	11.435636	0.000000	0	182.552408	0	-3.699717	0	7.864182	0	86.725500	0	4.415333	0	6.690459	0	155.541667	0	29.879535	0	5.228886	0	0.001993	0	0.206946	0	2.102724	0	-0.000002	0	43.695974	0	1.000000	0	1.000000	0	8.077515	0	0.000000	0	4.194174	0	4.531390	0	2.373741	0	24.316771	0	1455.173310	0	1029.677667	0	1019.201333	0	386.283717	0	375.737500	0	373.543333	0	50.000350	0	66666.000000	1	0.000000	0	26.000000	0	7.729000	0	0.223664	0	4.073134	0	18.238750	0	3.304625	0	17.125000	0	6.302196	0	15.932500	10
2021.12.18 01:18:00	58.259829	11.435636	0.000000	0	192.433048	0	-4.000000	0	7.863557	0	86.742417	0	4.426000	0	6.689065	0	153.458333	0	29.809721	0	5.227888	0	0.155750	0	0.534074	0	2.095410	0	-0.000002	0	43.812330	0	1.000000	0	1.000000	0	8.077637	0	0.000000	0	4.180197	0	4.541518	0	2.375106	0	24.324654	0	1455.226228	0	1029.658000	0	1019.173833	0	386.356600	0	375.807333	0	373.622500	0	49.999267	0	99999.000000	1	0.000000	0	26.000000	0	7.729000	0	0.220432	0	4.073134	0	18.242125	0	3.115554	0	17.125000	0	6.000161	0	16.638750	10
2021.12.18 01:19:00	58.259830	11.435637	0.000000	0	225.986072	0	-3.933148	0	7.867766	0	86.772917	0	4.418750	0	6.692952	0	152.062500	0	29.854047	0	5.227556	0	0.051361	0	0.391288	0	2.096573	0	-0.000002	0	43.716752	0	1.000000	0	1.000000	0	8.077433	0	0.000000	0	4.171857	0	4.533860	0	2.372693	0	24.303183	0	1455.166500	0	1029.589667	0	1019.128167	0	386.334433	0	375.787000	0	373.620667	0	50.001233	0	66666.000000	1	0.000000	0	26.000000	0	7.729000	0	0.224504	0	4.068044	0	18.241000	0	3.100232	0	17.125000	0	6.208411	0	15.723750	10
2021.12.18 01:20:00	58.259830	11.435639	0.000000	0	163.863388	0	-3.265027	0	7.870640	0	86.786083	0	4.410667	0	6.696220	0	156.833333	0	29.864020	0	5.218580	0	0.092419	0	0.282578	0	2.120842	0	-0.000002	0	43.650262	0	1.000000	0	1.000000	0	8.077501	0	0.000000	0	4.175318	0	4.526416	0	2.371046	0	24.290181	0	1455.118328	0	1029.542333	0	1019.089333	0	386.178183	0	375.621667	0	373.469333	0	49.999267	0	66666.000000	1	0.000000	0	26.000000	0	7.729000	0	0.227543	0	4.065339	0	18.236255	0	3.168000	0	17.125000	0	6.364745	0	17.368125	10
2021.12.18 01:21:00	58.259830	11.435640	0.000000	0	145.000000	0	-3.000000	0	7.871493	0	86.788167	0	4.407417	0	6.697414	0	157.208333	0	29.800302	0	5.229384	0	0.104885	0	0.287066	0	2.125829	0	-0.000002	0	43.729219	0	1.000000	0	1.000000	0	8.077454	0	0.000000	0	4.190542	0	4.522964	0	2.370712	0	24.288971	0	1455.102138	0	1029.481000	0	1019.035000	0	386.138117	0	375.581500	0	373.449500	0	50.001633	0	99999.000000	1	0.000000	0	26.000000	0	7.729000	0	0.226409	0	4.071447	0	18.237400	0	3.313917	0	17.125000	0	6.426917	0	16.643750	10
2021.12.18 01:22:00	58.259831	11.435637	0.000000	0	253.421918	0	-3.000000	0	7.872260	0	86.805000	0	4.411167	0	6.697825	0	155.250000	0	29.867899	0	5.223733	0	0.001993	0	0.587265	0	2.119512	0	-0.000002	0	43.675196	0	1.000000	0	1.000000	0	8.077664	0	0.000000	0	4.176430	0	4.526631	0	2.372480	0	24.306114	0	1455.139483	0	1029.444667	0	1018.971500	0	386.179567	0	375.613500	0	373.505500	0	49.999700	0	99999.000000	1	0.000000	0	26.000000	0	7.729000	0	0.228189	0	4.069670	0	18.232316	0	3.228526	0	17.125000	0	6.314754	0	15.441875	10
2021.12.18 01:23:00	58.259831	11.435635	0.000000	0	210.961003	0	-3.000000	0	7.870718	0	86.809917	0	4.420667	0	6.695350	0	154.437500	0	29.852385	0	5.227722	0	0.001993	0	0.342418	0	2.122504	0	-0.000002	0	43.745841	0	1.000000	0	1.000000	0	8.077637	0	0.000000	0	4.181288	0	4.535857	0	2.373873	0	24.314976	0	1455.189931	0	1029.432333	0	1018.949833	0	386.103700	0	375.523667	0	373.423167	0	49.999917	0	66666.000000	1	0.000000	0	26.000000	0	7.729000	0	0.228632	0	4.069746	0	18.229750	0	3.154125	0	17.125000	0	6.150679	0	17.180625	10
2021.12.18 01:25:00	58.259829	11.435642	0.000000	0	219.640669	0	-2.000000	0	7.840845	0	86.568583	0	4.459833	0	6.662831	0	155.875000	0	29.862912	0	5.233041	0	0.085770	0	0.510803	0	2.118182	0	-0.000002	0	43.641951	0	1.000000	0	1.000000	0	8.077637	0	0.000000	0	4.195975	0	4.577732	0	2.397405	0	24.548179	0	1455.664158	0	1029.378833	0	1018.900500	0	386.370600	0	375.809667	0	373.725333	0	49.999050	0	66666.000000	1	0.000000	0	26.000000	0	7.729000	0	0.227996	0	4.078254	0	18.227536	0	3.361857	0	17.125000	0	5.727179	0	16.339375	10
2021.12.18 01:26:00	58.259829	11.435640	0.000000	0	275.130435	0	-2.000000	0	7.852345	0	86.677083	0	4.451667	0	6.672713	0	155.250000	0	29.828560	0	5.221240	0	0.001993	0	0.180184	0	2.116853	0	-0.000002	0	43.683507	0	1.000000	0	1.000000	0	8.077637	0	0.000000	0	4.172452	0	4.565748	0	2.383964	0	24.406186	0	1455.432724	0	1029.344167	0	1018.872667	0	386.446867	0	375.897333	0	373.822333	0	50.000450	0	66666.000000	1	0.000000	0	26.000000	0	7.729000	0	0.227220	0	4.069670	0	18.227536	0	3.371375	0	17.125000	0	5.612982	0	15.820625	10
2021.12.18 01:27:00	58.259827	11.435640	0.000000	0	212.986301	0	-2.000000	0	7.869184	0	86.782917	0	4.416333	0	6.694966	0	155.250000	0	29.846290	0	5.232875	0	0.080450	0	0.330284	0	2.122670	0	-0.000002	0	43.587929	0	1.000000	0	1.000000	0	8.077556	0	0.000000	0	4.159675	0	4.530052	0	2.371561	0	24.293290	0	1455.137741	0	1029.248833	0	1018.783500	0	386.425383	0	375.871167	0	373.829667	0	49.998800	0	66666.000000	1	0.000000	0	26.000000	0	7.729000	0	0.231421	0	4.067071	0	18.229750	0	3.354429	0	17.125000	0	6.430804	0	16.706250	10
2021.12.18 01:28:00	58.259826	11.435641	0.000000	0	254.665753	0	-1.950685	0	7.874655	0	86.786500	0	4.391417	0	6.701366	0	153.229167	0	29.867899	0	5.221904	0	0.001993	0	0.204619	0	2.110370	0	-0.000002	0	43.671040	0	1.000000	0	1.000000	0	8.076782	0	0.000000	0	4.156297	0	4.505840	0	2.366771	0	24.257271	0	1454.989207	0	1029.163833	0	1018.698000	0	386.245233	0	375.677333	0	373.667833	0	50.000317	0	99999.000000	1	0.000000	0	26.000000	0	7.729000	0	0.231489	0	4.055281	0	18.232000	0	3.397571	0	17.125000	0	6.852107	0	15.718750	10
2021.12.18 01:29:00	58.259825	11.435642	0.000000	0	185.212938	0	-2.000000	0	7.872791	0	86.775083	0	4.395333	0	6.699086	0	151.083333	0	29.834654	0	5.221073	0	0.001993	0	0.200962	0	2.108043	0	-0.000002	0	43.646107	0	1.000000	0	1.000000	0	8.077215	0	0.000000	0	4.141460	0	4.510597	0	2.367537	0	24.262391	0	1455.015828	0	1029.137833	0	1018.657333	0	386.095817	0	375.503667	0	373.510333	0	49.999400	0	66666.000000	1	0.000000	0	26.000000	0	7.729000	0	0.231098	0	4.050616	0	18.234250	0	3.210286	0	17.125000	0	6.629643	0	16.767500	10
2021.12.18 01:30:00	58.259825	11.435642	0.000000	0	252.312169	0	-2.000000	0	7.874234	0	86.781833	0	4.391333	0	6.700183	0	152.770833	0	29.867899	0	5.225561	0	0.031082	0	0.247172	0	2.102724	0	-0.000002	0	43.695974	0	1.000000	0	1.000000	0	8.077437	0	0.000000	0	4.138086	0	4.505469	0	2.365689	0	24.245379	0	1454.972397	0	1029.103333	0	1018.603000	0	386.312583	0	375.725667	0	373.751333	0	49.998633	0	66666.000000	1	0.000000	0	26.000000	0	7.729000	0	0.228632	0	4.073149	0	18.229750	0	2.932625	0	17.122750	0	6.720946	0	15.992500	10
2021.12.18 01:31:00	58.259825	11.435642	0.000000	0	215.091623	0	-1.950262	0	7.876883	0	86.758500	0	4.368167	0	6.705752	0	157.687500	0	29.849614	0	5.235867	0	0.002990	0	0.468582	0	2.095576	0	-0.000002	0	43.770774	0	1.000000	0	1.000000	0	8.076864	0	0.000000	0	4.135170	0	4.483049	0	2.361088	0	24.210168	0	1454.832439	0	1029.028000	0	1018.532667	0	386.022300	0	375.417833	0	373.469833	0	50.002200	0	66666.000000	1	0.000000	0	26.000000	0	7.729000	0	0.224634	0	4.069670	0	18.229750	0	3.200857	0	17.119375	0	7.349821	0	16.231250	10
2021.12.18 01:32:00	58.259826	11.435643	0.000000	0	243.671088	0	-1.000000	0	7.875941	0	86.744583	0	4.366500	0	6.704231	0	155.312500	0	29.857372	0	5.224730	0	0.001993	0	0.419879	0	2.094579	0	-0.000002	0	43.878820	0	1.000000	0	1.000000	0	8.077338	0	0.000000	0	4.122223	0	4.482071	0	2.361410	0	24.214490	0	1454.833810	0	1028.970833	0	1018.487500	0	386.046533	0	375.448333	0	373.517500	0	49.999250	0	66666.000000	1	0.000000	0	26.000000	0	7.729000	0	0.222281	0	4.060386	0	18.227536	0	3.126714	0	17.117125	0	7.068643	0	16.593750	10
2021.12.18 01:33:00	58.259824	11.435642	0.000000	0	137.894872	0	-1.964103	0	7.877779	0	86.747417	0	4.358833	0	6.706588	0	154.666667	0	29.839087	0	5.231878	0	0.001993	0	0.314327	0	2.091753	0	-0.000002	0	43.816486	0	1.000000	0	1.000000	0	8.077148	0	0.000000	0	4.142787	0	4.474326	0	2.358790	0	24.190741	0	1454.770690	0	1028.935000	0	1018.447833	0	385.991917	0	375.384333	0	373.468333	0	50.000167	0	66666.000000	1	0.000000	0	26.000000	0	7.729000	0	0.222695	0	4.062741	0	18.225286	0	3.330357	0	17.107000	0	7.105446	0	15.606875	10
2021.12.18 01:35:00	58.259812	11.435929	0.876607	0	81.010283	0	-1.727506	0	7.869688	0	86.729833	0	4.390417	0	6.697134	0	157.750000	0	29.827451	0	5.227722	0	0.001993	0	0.230550	0	2.093083	0	-0.000002	0	43.712596	0	1.000000	0	1.000000	0	8.077881	0	0.000000	0	4.283229	0	4.507410	0	2.370844	0	24.301860	0	1455.052603	0	1028.865333	0	1018.381167	0	385.905167	0	375.294000	0	373.403167	0	49.999767	0	66666.000000	1	0.000000	0	26.000000	0	7.729000	0	0.223341	0	4.074000	0	18.218536	0	3.141732	0	17.071000	0	6.614464	0	16.200000	10
2021.12.18 01:36:00	58.260112	11.437091	3.232240	0	58.188525	0	-2.948087	0	7.852895	0	86.758250	0	4.484917	0	6.671423	0	155.458333	0	29.836317	0	5.236200	0	0.164061	0	0.596574	0	2.091919	0	-0.000002	0	43.866353	0	1.000000	0	1.000000	0	8.078835	0	0.000000	0	4.233825	0	4.604481	0	2.396593	0	24.519266	0	1455.740517	0	1028.962167	0	1018.472333	0	386.189750	0	375.592500	0	373.666667	0	49.999450	0	66666.000000	1	0.000000	0	26.000000	0	7.729000	0	0.223341	0	4.080929	0	18.206509	0	3.312273	0	17.062000	0	5.023036	0	16.231875	10
2021.12.18 01:37:00	58.260969	11.438878	4.816940	0	37.579235	0	-3.068306	0	7.870032	0	86.924583	0	4.474583	0	6.691408	0	156.041667	0	29.824681	0	5.228886	0	0.001993	0	0.329619	0	2.099233	0	-0.000002	0	43.766619	0	1.000000	0	1.000000	0	8.078979	0	0.000000	0	4.231157	0	4.588743	0	2.384250	0	24.392462	0	1455.512534	0	1028.952167	0	1018.462667	0	386.215667	0	375.607333	0	373.685167	0	50.000367	0	66666.000000	1	0.000000	0	26.000000	0	7.729000	0	0.234982	0	4.063789	0	18.203867	0	3.353567	0	17.063050	0	4.888683	0	15.480000	10
2021.12.18 01:38:00	58.262382	11.440188	5.200549	0	16.357143	0	-3.000000	0	7.874228	0	86.947667	0	4.464417	0	6.695523	0	154.937500	0	29.834654	0	5.240854	0	0.001993	0	0.332113	0	2.102890	0	-0.000002	0	43.824797	0	1.000000	0	1.000000	0	8.078898	0	0.000000	0	4.214454	0	4.578995	0	2.382835	0	24.383772	0	1455.460263	0	1028.914167	0	1018.443000	0	386.269083	0	375.678167	0	373.762000	0	50.000283	0	66666.000000	1	0.000000	0	26.000000	0	7.729000	0	0.228513	0	4.068804	0	18.208070	0	3.370491	0	17.073053	0	4.852333	0	15.590000	10
2021.12.18 01:39:00	58.263952	11.440975	5.000000	0	13.991690	0	-3.000000	0	7.876391	0	86.945333	0	4.453000	0	6.698147	0	156.354167	0	29.821357	0	5.229883	0	0.001993	0	0.223901	0	2.101061	0	-0.000002	0	43.816486	0	1.000000	0	1.000000	0	8.079035	0	0.000000	0	4.176640	0	4.568321	0	2.380619	0	24.366778	0	1455.393483	0	1028.863500	0	1018.392500	0	386.285983	0	375.699167	0	373.801833	0	50.001317	0	99999.000000	1	0.000000	0	26.000000	0	7.729000	0	0.232125	0	4.062939	0	18.211786	0	3.219696	0	17.099125	0	4.983250	0	15.815000	10
2021.12.18 01:40:00	58.265442	11.441662	4.805085	0	14.096045	0	-3.000000	0	7.868339	0	86.809417	0	4.432167	0	6.694383	0	154.812500	0	29.803626	0	5.230049	0	0.000165	0	0.354885	0	2.113528	0	-0.000002	0	43.658574	0	1.000000	0	1.000000	0	8.079102	0	0.000000	0	4.135278	0	4.546498	0	2.375073	0	24.320617	0	1455.242155	0	1028.803500	0	1018.317667	0	386.339033	0	375.749000	0	373.878833	0	50.000750	0	99999.000000	1	0.000000	0	26.000000	0	7.729000	0	0.229482	0	4.067938	0	18.216286	0	3.141946	0	17.109250	0	5.402214	0	15.353750	10
2021.12.18 01:41:00	58.266717	11.442360	4.000000	0	14.949580	0	-3.000000	0	7.867942	0	86.695583	0	4.383750	0	6.693076	0	154.145833	0	29.847952	0	5.232210	0	0.003822	0	0.391787	0	2.125330	0	-0.000002	0	43.650262	0	1.000000	0	1.000000	0	8.079102	0	0.000000	0	4.169317	0	4.497574	0	2.371222	0	24.313367	0	1455.025569	0	1028.696000	0	1018.203000	0	386.282417	0	375.684167	0	373.856333	0	49.999867	0	99999.000000	1	0.000000	0	26.000000	0	7.729000	0	0.226726	0	4.074851	0	18.220786	0	3.317036	0	17.109250	0	6.825875	0	17.283750	10
2021.12.18 01:42:00	58.267834	11.442804	3.240793	0	8.580737	0	-3.000000	0	7.859069	0	86.625333	0	4.396083	0	6.681483	0	152.000000	0	29.805288	0	5.224564	0	0.001993	0	0.413728	0	2.122670	0	-0.000002	0	43.745841	0	1.000000	0	1.000000	0	8.079102	0	0.000000	0	4.178904	0	4.512176	0	2.381864	0	24.422190	0	1455.226121	0	1028.659167	0	1018.167000	0	385.837467	0	375.204833	0	373.393167	0	49.999617	0	66666.000000	1	0.000000	0	26.000000	0	7.729000	0	0.228189	0	4.071402	0	18.220786	0	3.193375	0	17.111500	0	6.262661	0	18.680625	10
2021.12.18 01:43:00	58.268818	11.443130	3.000000	0	10.936639	0	-2.429752	0	7.855158	0	86.604000	0	4.405667	0	6.675509	0	154.145833	0	29.825235	0	5.216585	0	0.001993	0	0.247505	0	2.113196	0	-0.000002	0	43.766619	0	1.000000	0	1.000000	0	8.079102	0	0.000000	0	3.938090	0	4.521729	0	2.388341	0	24.487902	0	1455.350310	0	1028.616667	0	1018.144333	0	385.842400	0	375.214333	0	373.411500	0	49.999333	0	66666.000000	1	0.000000	0	26.000000	0	7.729000	0	0.233361	0	4.093054	0	18.214071	0	3.323250	0	17.104750	0	5.907571	0	18.730000	10
2021.12.18 01:45:00	58.270449	11.443733	2.000000	0	6.360434	0	-2.000000	0	7.923707	0	86.719583	0	4.124333	0	6.744080	0	154.312500	0	29.831330	0	5.238859	0	0.001993	0	0.280417	0	2.109871	0	-0.000002	0	43.679352	0	1.000000	0	1.000000	0	8.079454	0	0.000000	0	4.063352	0	4.237095	0	2.346674	0	24.228231	0	1453.808293	0	1028.115500	0	1017.653500	0	384.874633	0	374.191167	0	372.571667	0	49.999717	0	66666.000000	1	0.000000	0	26.000000	0	7.729000	0	0.246612	0	4.108643	0	18.218536	0	3.203214	0	17.080000	0	8.919107	0	19.111875	10
2021.12.18 01:46:00	58.271238	11.443821	2.000000	0	208.871314	0	-2.034853	0	7.891816	0	86.696667	0	4.268583	0	6.706851	0	155.395833	0	29.800302	0	5.227224	0	0.003988	0	0.498170	0	2.113029	0	-0.000002	0	43.625329	0	1.000000	0	1.000000	0	8.079386	0	0.000000	0	3.990741	0	4.389886	0	2.373889	0	24.422857	0	1454.708000	0	1028.224833	0	1017.775500	0	384.627233	0	373.918500	0	372.256333	0	49.999667	0	99999.000000	1	0.000000	0	26.000000	0	7.729000	0	0.247684	0	4.080807	0	18.205054	0	3.310143	0	17.062000	0	6.457036	0	19.684375	10
2021.12.18 01:47:00	58.272038	11.443774	2.460317	0	354.497354	0	-2.317460	0	7.898101	0	86.759167	0	4.265583	0	6.715178	0	155.833333	0	29.814708	0	5.229551	0	0.001993	0	0.287565	0	2.109871	0	-0.000002	0	43.646107	0	1.000000	0	1.000000	0	8.077814	0	0.000000	0	3.957332	0	4.380643	0	2.366622	0	24.347741	0	1454.572724	0	1028.221500	0	1017.771667	0	384.528800	0	373.802833	0	372.142333	0	49.999383	0	99999.000000	1	0.000000	0	26.000000	0	7.729000	0	0.254370	0	4.102580	0	18.180357	0	3.230125	0	17.062000	0	6.966625	0	19.642500	10
2021.12.18 01:48:00	58.272750	11.443264	1.968586	0	315.486911	0	-3.000000	0	7.903984	0	86.681333	0	4.202917	0	6.723717	0	155.916667	0	29.849060	0	5.235202	0	0.001993	0	0.566654	0	2.113196	0	-0.000002	0	43.691818	0	1.000000	0	1.000000	0	8.077612	0	0.000000	0	3.782707	0	4.316800	0	2.356975	0	24.286036	0	1454.222224	0	1028.079000	0	1017.623333	0	384.244133	0	373.497167	0	371.891833	0	50.000917	0	66666.000000	1	0.000000	0	26.000000	0	7.729000	0	0.255623	0	4.133561	0	18.178143	0	3.484625	0	17.062000	0	8.049107	0	19.563125	10
2021.12.18 01:49:00	58.273001	11.442778	0.106494	0	172.438961	0	-2.553247	0	7.919633	0	86.723167	0	4.145750	0	6.735429	0	155.187500	0	29.808059	0	5.219910	0	0.001993	0	0.519280	0	2.106879	0	-0.000002	0	43.837264	0	1.000000	0	1.000000	0	8.078071	0	0.000000	0	3.549012	0	4.255736	0	2.346978	0	24.217907	0	1453.874672	0	1027.970500	0	1017.513333	0	384.049283	0	373.295000	0	371.730500	0	50.000117	0	99999.000000	1	0.000000	0	26.000000	0	7.729000	0	0.254370	0	4.128563	0	18.175929	0	3.299893	0	17.062000	0	7.950643	0	19.731250	10
2021.12.18 01:50:00	58.273192	11.442929	0.471033	0	31.581864	0	-2.914358	0	7.963014	0	86.620250	0	3.892583	0	6.782737	0	154.770833	0	29.829668	0	5.230049	0	0.002824	0	0.164393	0	2.093249	0	-0.000002	0	43.625329	0	1.000000	0	1.000000	0	8.078064	0	0.000000	0	3.831333	0	3.998672	0	2.309107	0	23.977341	0	1452.466362	0	1027.571000	0	1017.111000	0	383.637383	0	372.853333	0	371.438500	0	50.001167	0	66666.000000	1	0.000000	0	26.000000	0	7.729000	0	0.251495	0	4.026351	0	18.181464	0	3.108750	0	17.055357	0	11.069500	0	20.825625	10
2021.12.18 01:51:00	58.273565	11.443429	1.779449	0	37.604010	0	-3.000000	0	7.931913	0	86.297583	0	3.900167	0	6.759798	0	156.916667	0	29.794207	0	5.242350	0	0.001993	0	0.541886	0	2.093083	0	-0.000002	0	43.571306	0	1.000000	0	1.000000	0	8.077814	0	0.000000	0	4.002165	0	4.022253	0	2.336646	0	24.272116	0	1452.943544	0	1027.402333	0	1016.954333	0	382.691533	0	371.843833	0	370.489333	0	49.998750	0	66666.000000	1	0.000000	0	26.000000	0	7.729000	0	0.258248	0	4.026366	0	18.169250	0	3.137750	0	17.004429	0	11.210143	0	20.820625	10
